TB0 TB0 TB0 TB0 TB0 TB0 TB0 TB0 TB0 TB0 TB0 TB0 TB0 TB0 TB0 TB0 TB0 TB0 TB0 TB0 TB0 TB0 TB0
TB0 000 000 000 000 000 000 000 000 000 000 000 000 000 000 000 000 000 000 000 000 000 TB0
TB0 000 000 000 000 000 000 000 000 000 000 000 000 000 000 000 000 000 000 000 000 000 TB0
TB0 000 000 000 000 000 000 000 000 000 000 000 000 000 000 000 000 000 000 000 000 000 TB0
TB0 EC1 000 000 000 000 000 000 000 000 000 EF0 000 000 000 000 000 000 000 000 000 EC2 TB0
TB0 000 000 000 000 000 000 000 TB0 TB0 TB0 TB0 TB0 TB0 TB0 000 000 000 000 000 000 000 TB0
TB0 000 000 000 000 000 000 000 000 000 000 TB0 000 000 000 000 000 000 000 000 000 000 TB0
TB0 000 000 TB7 TB7 000 000 000 000 000 ER5 TB0 EL7 000 000 000 000 000 TB5 TB5 000 000 TB0
TB0 000 000 000 000 000 000 000 000 000 000 TB0 000 000 000 000 000 000 000 000 000 000 TB0
TB0 000 000 000 000 000 000 000 TB3 TB3 TB3 TB3 TB3 TB3 TB3 000 000 000 000 000 000 000 TB0
TB0 000 000 000 000 000 000 000 000 000 000 000 000 000 000 000 000 000 000 000 000 ER3 TB0
TB0 000 000 000 000 000 000 000 000 000 000 000 000 000 000 000 000 000 000 000 000 000 TB0
TB0 TB0 TB0 TB0 TB0 TB0 000 000 000 000 000 000 000 000 000 000 000 TB0 TB0 TB0 TB0 TB0 TB0
TB0 000 000 000 000 000 000 000 000 000 000 000 000 000 000 000 000 000 000 000 000 000 TB0
TB0 000 000 000 000 000 000 000 000 000 000 000 000 000 000 000 000 000 000 000 000 000 TB0
TB0 000 000 000 000 000 000 000 TB1 TB1 TB1 TB1 TB1 TB1 TB1 000 000 000 000 000 000 000 TB0
TB0 EL1 000 000 000 000 000 000 000 000 000 000 000 000 000 000 000 000 000 000 000 000 TB0
TB0 000 000 000 EC2 000 000 000 000 000 000 000 000 000 000 000 000 000 EC1 000 000 000 TB0
TB0 TB0 TB0 TB0 TB0 TB0 000 000 000 000 000 000 000 000 000 000 000 TB0 TB0 TB0 TB0 TB0 TB0
TB0 000 000 000 000 000 000 000 000 000 000 000 000 000 000 000 000 000 000 000 000 000 TB0
TB0 000 000 000 000 000 000 000 000 000 000 000 000 000 000 000 000 000 000 000 000 000 TB0
TB0 000 000 000 EP1 000 000 000 000 000 000 000 000 000 000 000 000 000 EP2 000 000 000 TB0
TB0 TB0 TB0 TB0 TB0 TB0 TB0 TB0 TO0 TO0 TO0 TO0 TO0 TO0 TO0 TB0 TB0 TB0 TB0 TB0 TB0 TB0 TB0
