TB0 TB0 TB0 TB0 TB0 TB0 TB0 TB0 TB0 TB0 TB0 TB0 TB0 TB0 TB0 TB0 TB0 TB0 TB0 TB0 TB0 TB0 TB0 TB0
TB0 000 000 000 000 000 000 000 000 000 000 000 000 000 000 000 000 000 000 000 000 000 000 TB0
TB0 000 000 000 000 000 000 000 000 000 000 000 000 000 000 000 000 000 000 000 000 000 000 TB0
TB0 000 000 000 000 000 000 000 000 000 000 000 000 000 000 000 000 000 000 000 000 000 000 TB0
TB0 000 000 000 000 000 000 000 000 000 000 000 000 000 000 000 000 000 000 000 000 000 000 TB0
TB0 000 000 000 000 000 000 000 000 000 000 000 000 000 000 000 000 000 000 000 000 000 000 TB0
TB0 000 000 000 000 000 000 000 000 000 000 000 000 000 000 000 000 000 000 000 000 000 000 TB0
TB0 000 000 000 000 000 000 000 000 000 000 000 000 000 000 000 000 000 000 000 000 000 000 TB0
TB0 000 000 000 000 000 000 000 000 000 000 000 000 000 000 000 000 000 000 000 000 000 000 TB0
TB0 000 000 000 000 000 000 000 000 000 000 000 000 000 000 000 000 000 000 000 000 000 000 TB0
TB0 000 000 000 000 000 000 000 000 000 000 000 000 000 000 000 000 000 000 000 000 000 000 TB0
TB0 000 000 000 000 000 000 000 000 000 000 000 000 000 000 000 000 000 000 000 000 000 000 TB0
TB0 000 000 000 000 000 000 000 000 000 000 000 000 000 000 000 000 000 000 000 000 000 000 TB0
TB0 000 000 000 000 000 000 000 000 000 000 000 000 000 000 000 000 000 000 000 000 000 000 TB0
TB0 000 000 000 000 000 000 000 000 000 000 000 000 000 000 000 000 000 000 000 000 000 000 TB0
TB0 000 000 000 000 000 000 000 000 000 000 000 000 000 000 000 000 000 000 000 000 000 000 TB0
TB0 000 000 000 000 000 000 000 000 000 000 000 000 000 000 000 000 000 000 000 000 000 000 TB0
TB0 000 000 000 000 000 000 000 000 000 000 000 000 000 000 000 000 000 000 000 000 000 000 TB0
TB0 000 000 000 000 000 000 000 000 000 000 000 000 000 000 000 000 000 000 000 000 000 000 TB0
TB0 000 000 000 000 000 000 000 000 000 000 000 000 000 000 000 000 000 000 000 000 000 000 TB0
TB0 000 000 000 000 000 000 000 000 000 000 000 000 000 000 000 000 000 000 000 000 000 000 TB0
TB0 000 000 000 EP1 000 000 000 000 000 000 TB1 000 000 000 000 000 000 000 EP2 000 000 000 TB0
TB0 TB0 TB0 TB0 TB0 TB0 TB0 TB0 TB0 TB0 TB0 TB0 TB0 TB0 TB0 TB0 TB0 TB0 TB0 TB0 TB0 TB0 TB0 TB0
